0
2.22263337753187
0.782199732102484
-1.08789515717569
0.32250456989108
2.35610353232985
1.59848533687223
0.046049439184542
0.404293475839046
1.21769327764302
0.809016994374945
0.34772237953935
0.328126665391277
-0.401079813312562
-1.07584727593116
-0.18788216398981
0.441939235410906
-1.25015395263887
-2.61608293061612
-0.857109865362579
0.951056516295155
-0.689746351655675
-2.65894905797186
-0.945824827911306
1.59366476676543
0.707106781186547
-1.28516363624241
-0.333793861288201
1.79216759022168
1.59120000294023
0.309016994374953
0.50540925410901
1.20256719726602
0.98515675621643
0.855961803162028
1.01913603954472
0.140611067032197
-0.838204978403619
0.066426340550871
1.06370055541477
-0.587785252292481
-2.53259579396179
-1.19919941198201
0.922046362103065
-0.381212288578737
-2.79311955677868
-1.73044180241555
0.910647198452981
0.548406611928613
-1.46485985698967
-0.999999999999996
1.02857337419658
1.26124749300341
0.315166908852977
0.455593822918189
1.01110650840194
0.878592062908441
1.07696675862841
1.57396204115347
0.697086542593815
-0.587785252292493
0.258923175232563
1.68618701953686
0.28022276632516
-2.13666452388874
-1.33200496962516
1.00359116861448
0.13900999948782
-2.5716614091234
-2.22689330811687
0.309016994374957
0.399923926265906
-1.54150112309306
-1.54796767662022
0.213510046284418
0.707106781186536
0.094991084238601
0.268348987420754
0.674719655342896
0.50152972501862
