0.645388068
0.610931044
0.410221847
0.352595269
0.845451255
0.190435004
0.459261957
0.906907032
0.040749281
0.285188279
0.750712142
0.33128019
0.231511445
0.096213765
0.743086975
0.512200401
0.263109563
0.178174716
0.037772851
0.929229718
0.960503278
0.597134479
0.48843325
0.969878806
0.159593312
0.202574944
0.071839247
0.43364435
0.899901109
0.424784933
0.655512166
0.372541902
0.694455521
0.340400834
0.179115934
0.794069781
0.990860096
0.148723733
0.35089868
0.896574886
0.999169244
0.890376618
0.097296505
0.90766889
0.639145004
0.126824362
0.315115166
0.357374581
0.331843433
0.105731667
0.613932227
0.917287012
0.075178323
0.954043235
0.367081516
0.938826859
0.025951147
0.977972421
0.615510418
0.475103027
0.673354331
0.501550015
0.354947067
0.566221337
0.819640515
0.895531945
0.221349725
0.877232804
0.742783431
0.103932987
0.43005586
0.822676911
0.030715265
0.568932658
0.285355461
0.156041401
0.740957816
0.706440844
0.960697415
0.482840312
0.077714524
0.903519387
0.974655927
0.640223807
0.638738442
0.025914592
0.092859104
0.582732921
0.03439846
0.780619511
0.727591939
0.744425912
0.164109349
0.907405482
0.936960667
0.720477505
0.062859806
0.646129902
0.106933762
0.281261853
