0.0
0.1111316688765935
0.1502416554817177
0.09584689762293318
0.11197212611748716
0.22977730273397964
0.30970156957759115
0.31200404153681827
0.33221871532877056
0.3931033792109216
0.43355422892966883
0.45094034790663634
0.4673466811762002
0.44729269051057213
0.39350032671401414
0.3841062185145236
0.4062031802850689
0.34369548265312544
0.21289133612231942
0.17003584285419046
0.21758866866894824
0.07196968220957095
-0.10008775729414628
-0.09298424083092705
-0.029426230987209524
-0.11187606854437467
-0.2560585172001067
-0.27505068222374385
-0.20565697650461212
-0.18698164023975164
-0.21198164023975125
-0.20409729651126823
-0.1603752699175311
-0.09106344144108144
0.0055270125135779506
0.06587792269030437
0.05081151427136891
0.07140896298313154
0.20553442654148107
0.30157494758034853
0.22463285915096676
0.13249038703566102
0.2054778693351535
0.29887142883587214
0.2001275760686637
0.025116259170402323
0.0028523508617452455
0.06507440384880456
0.0028863549341510697
-0.1499166380623439
-0.21536748778109133
-0.18920928177671287
-0.18627526698984342
-0.21977475935801602
-0.23979315837020798
-0.24019463492734694
-0.2032955851335348
-0.10753699828193328
-0.03216021325180333
-0.05049091389285119
-0.050490913892851666
0.08908503456686592
0.2333543561428094
0.2012631763539142
0.11349056458841397
0.18654629394609
0.3232479424975914
0.28466608254933345
0.12866268149673282
0.0905610089403728
0.15601185865912046
0.12457938626258672
-0.015558044542236759
-0.10871477381589659
-0.12081896264758514
-0.13601894900835537
-0.17519899794184735
-0.21562988650223008
-0.26059200579275876
-0.2703698466715185
