0.0
0.222263337753187
0.3004833109634354
0.19169379524586636
0.22394425223497433
0.4595546054679593
0.6194031391551823
0.6240080830736365
0.6644374306575411
0.7862067584218432
0.8671084578593377
0.6796173580600857
0.634210051388965
0.7028915857752779
0.5630564011930539
0.30865783156108784
0.19300322141495538
0.06338288223261417
-0.23865475841290246
-0.4461350727134623
-0.43193112052144134
-0.5356779936409438
-0.8343855659772575
-0.8888600674371319
-0.6219088631674728
-0.5324099686498373
-0.7051202558151688
-0.6134842466801018
-0.17265919459632184
0.072171792233959
0.007967840041938934
0.1274834006184074
0.5136350261421954
0.7067331845549689
0.6329628881946288
0.6641658140304461
0.8067432843579067
0.7563021726463649
0.5837280476792841
0.5309781029267381
0.44129787825999467
0.13749737345291466
-0.1026792874718884
-0.10899032688322488
-0.2327077360573014
-0.6139332956896414
-0.8010385826344161
-0.6261533649487561
-0.5779553378109819
-0.8308113790514259
-0.8720328538221773
-0.5159159370063404
-0.2698712465077983
-0.33055919183280713
-0.24687858068311463
0.13354402583494743
0.3944474123673465
0.4110793683848894
0.5136349113073752
0.7298295512657236
0.7710510260364739
0.6940860061400722
0.7365799587934172
0.7330855445406355
0.4738597098599426
0.2395485620572325
0.2520484726278365
0.1582527967137775
-0.25630954831390945
-0.5487075333849779
-0.4590273087182329
-0.44492723361489867
-0.7676960478778906
-0.9505150921724285
-0.7154976351551128
-0.5115864600739433
-0.602446468511531
-0.5895125697182377
-0.26487446327160813
0.00796784004194081
